chr1_942934	S0	197,60,154,16	39,29
chr1_1336256	V2	235,4,135,8	29,26
chr1_5873324	S0	100,29,107,12	20,24
chr1_6887657	S0,V1	134,69,100,50	20,20
chr1_34761749	S0	319,125,241,34	20,20
chr1_40547054	S0	102,43,79,13	33,33
chr1_59554181	V1	87,9,39,6	20,20
chr1_74571882	V2	287,11,172,5	20,33
chr1_91642380	V1	102,13,74,29	34,20
chr1_98045291	V1	157,20,110,31	20,35
chr1_100159274	V2	91,5,89,3	20,20
chr1_101239563	FP	0,0,75,3	0,20
chr1_109669334	V2	272,6,190,4	20,28
chr1_113672706	FP	87,3,0,0	20,0
chr1_114139670	S0	158,69,95,11	20,20
chr1_116608296	FP	73,2,0,0	37,0
chr1_117981347	V1	103,5,60,19	36,20
chr1_119511553	V1	136,6,84,28	20,20
chr1_145898994	V1	140,18,118,29	38,20
chr1_147178701	S0,V1	273,134,188,72	20,20
chr1_151427941	FP	98,3,0,0	20,0
chr1_154990194	FP	0,0,86,3	0,20
chr1_167548036	V1	178,13,132,55	20,20
chr1_200911574	V2	218,8,129,4	20,28
chr1_201047615	FP	85,3,0,0	20,0
chr1_203055564	S0	188,75,126,24	20,20
chr1_204409526	V2	141,5,0,0	20,0
chr1_206116320	V1	149,23,84,26	20,20
chr1_209623853	V1	136,18,91,23	20,38
chr1_212951650	S0	118,47,113,4	20,38
chr1_214646554	V1	108,9,100,25	20,20
chr1_215838019	V1	108,8,85,20	30,20
chr1_219988627	V1	172,20,122,43	26,20
chr1_228280757	V1	76,5,67,31	34,20
chr1_228371729	S0,V1	387,192,249,118	20,20
chr1_234427586	V1	112,10,77,19	36,20
chr1_244605722	V1	67,3,59,21	37,34
chr1_246758270	V1	147,8,98,30	39,20
chr2_11224442	FP	67,3,0,0	20,0
chr2_26778144	FP	0,0,90,3	0,20
chr2_27329264	V1	91,10,67,14	20,36
chr2_27364857	S0	99,41,58,12	20,20
chr2_37109260	S0	121,55,103,16	20,25
chr2_43700320	V1	373,36,272,94	33,20
chr2_47151472	S0	73,26,57,6	38,35
chr2_62506054	V1	296,29,210,62	20,20
chr2_65072916	V2	0,0,190,8	0,20
chr2_69961071	V2	206,8,0,0	28,0
chr2_74414886	V2	203,10,0,0	31,0
chr2_88613760	V2	233,15,0,0	20,0
chr2_88897589	V1	156,24,118,50	23,20
chr2_95938988	FP	134,9,0,0	35,0
chr2_96861226	V1	259,20,178,46	34,20
chr2_106834069	V1	188,18,126,41	20,20
chr2_119437097	V2	0,0,101,3	0,36
chr2_131529996	V1	105,14,66,24	31,35
chr2_162008623	V1	143,15,83,30	20,34
chr2_165679279	S0	212,84,143,30	20,20
chr2_165991493	S0	138,60,90,18	20,20
chr2_166012265	V2	70,6,0,0	20,0
chr2_166405670	V1	119,10,86,31	20,38
chr2_169828038	V2	255,4,177,4	29,20
chr2_176171917	V1	370,26,219,62	20,20
chr2_178740998	V1	103,14,69,25	20,20
chr2_179446717	V2	115,3,0,0	39,0
chr2_190497570	FP	0,0,85,3	0,20
chr2_203125495	V2	124,5,0,0	20,0
chr2_206306587	S0	170,59,139,27	20,20
chr2_210294265	FP	84,3,0,0	37,0
chr2_215000851	V1	220,22,125,36	20,34
chr2_219630187	FP	69,2,0,0	36,0
chr2_223878692	V1	183,14,118,25	20,20
chr2_226795828	V1	139,17,117,33	20,20
chr2_230312621	V1	122,6,78,23	36,20
chr2_233263166	S0	180,57,139,19	20,20
chr2_235670312	V1	88,8,49,13	36,37
chr2_238444360	V1	105,20,78,24	20,20
chr2_240682709	V1	81,6,48,8	20,28
chr2_241070110	V2	254,10,0,0	35,0
chr3_2887207	S0	74,25,49,10	31,39
chr3_9741397	S0	96,34,85,15	20,20
chr3_9833230	S0	131,44,84,11	20,35
chr3_27162561	V1	68,5,56,15	32,35
chr3_27346152	S0	123,39,74,15	20,20
chr3_27422784	S0	145,55,93,11	20,20
chr3_37777420	V1	78,4,47,17	30,28
chr3_41224695	V1	70,5,57,21	26,20
chr3_44571347	V1	140,7,111,29	20,31
chr3_46408487	V1	153,7,108,34	39,38
chr3_46809452	S0,V1	93,45,69,37	20,20
chr3_47426037	V1	155,11,97,33	20,20
chr3_47670712	V1	97,6,88,16	20,37
chr3_48186722	V1	138,13,127,43	20,20
chr3_49684379	V1	150,14,124,35	20,20
chr3_50274469	V2	196,5,167,9	34,20
chr3_52442230	S0	77,21,79,19	37,20
chr3_52489573	V1	147,13,134,46	37,20
chr3_52833204	S0	147,47,82,16	37,37
chr3_62203763	V1	131,12,87,31	33,33
chr3_97874830	V2	206,4,134,5	29,20
chr3_98390685	V2	83,4,0,0	25,0
chr3_114018721	S0	101,31,71,10	20,36
chr3_122926457	V1	176,12,157,46	35,20
chr3_124657746	S0	221,62,160,29	20,20
chr3_124927668	V1	120,12,96,38	20,20
chr3_138949999	S0	113,43,67,12	32,27
chr3_142962800	V1	183,23,129,40	20,35
chr3_143016345	FP	0,0,70,3	0,20
chr3_149160228	S0	189,61,147,25	20,20
chr3_153486039	S0	151,48,89,14	20,20
chr3_161503133	S0	101,43,85,15	20,20
chr3_183492506	V2	113,5,69,4	33,20
chr3_185193363	V1	227,22,145,37	20,20
chr4_849932	S0	145,65,121,32	37,20
chr4_989226	S0	136,60,120,16	33,21
chr4_7460042	S0,V1	102,46,82,31	38,38
chr4_9369059	FP	67,3,0,0	37,0
chr4_9369061	FP	67,3,0,0	33,0
chr4_24576474	V1	146,9,132,36	35,20
chr4_37960512	V1	147,18,76,26	20,35
chr4_42893406	V1	160,9,102,31	37,20
chr4_47680217	V1	260,25,163,33	20,20
chr4_48589869	V1	177,10,124,45	36,20
chr4_52610588	S0	226,77,152,30	20,20
chr4_56371523	S0	172,66,116,15	20,20
chr4_67744568	FP	75,2,0,0	37,0
chr4_80203188	V2	74,6,82,3	20,20
chr4_87126162	S0	136,63,118,13	20,36
chr4_113381461	V1	90,10,51,13	39,38
chr4_119057846	V2	209,10,0,0	20,0
chr4_145902770	S0	155,46,133,20	24,27
chr4_151656246	V1	94,4,53,14	28,36
chr4_169555974	S0,V1	149,71,128,58	33,20
chr4_176160948	S0	80,24,50,7	20,37
chr4_183315715	V1	170,12,100,35	20,20
chr4_184699597	S0,V1	71,33,72,31	33,20
chr6_2955568	V1	145,24,127,29	20,20
chr6_9933259	V2	77,5,50,4	20,20
chr6_25108516	V2	76,3,0,0	38,0
chr6_26216356	V1	98,7,75,28	37,20
chr6_27873498	S0	274,93,183,25	20,20
chr6_35321376	V2	138,5,74,4	20,20
chr6_39856354	S0	87,31,53,14	20,20
chr6_39905779	V1	85,8,56,23	37,20
chr6_41282728	V1	162,12,110,31	34,20
chr6_45949262	S0	121,38,83,10	20,36
chr6_47010047	V2	191,5,130,7	20,20
chr6_75237910	S0	116,46,83,11	20,20
chr6_89672686	V2	152,5,109,5	35,20
chr6_106652510	V1	216,16,142,40	27,20
chr6_119348712	V1	99,10,66,20	20,34
chr6_124908327	S0,V1	108,46,76,34	39,29
chr6_131199551	V2	221,8,0,0	20,0
chr6_132724771	S0	217,82,169,19	35,20
chr6_157201089	V2	280,8,232,3	28,38
chr6_160532610	S0	127,49,87,18	20,20
chr7_256012	S0	75,25,64,13	33,35
chr7_520012	S0,V1	133,69,87,31	20,20
chr7_886080	V1	99,15,66,21	20,20
chr7_1091742	S0	248,109,166,27	20,20
chr7_23197178	V1	100,3,52,11	39,20
chr7_23197223	V1	90,3,43,9	20,20
chr7_23199514	V1	193,19,194,55	33,20
chr7_24717024	V1	133,16,106,27	39,34
chr7_28956588	V1	99,12,58,24	20,35
chr7_36155058	FP	0,0,70,3	0,20
chr7_37741197	V1	150,20,104,24	20,20
chr7_47837037	FP	73,3,0,0	20,0
chr7_72943042	FP	0,0,91,3	0,30
chr7_74397149	V2	98,4,0,0	27,0
chr7_83155783	V1	117,7,84,23	37,33
chr7_85006809	V1	229,22,170,56	20,20
chr7_89334747	V1	177,30,122,33	29,36
chr7_92002699	V2	112,6,86,5	20,36
chr7_95251845	V2	248,14,177,5	20,37
chr7_100893261	S0	187,69,160,31	20,20
chr7_107758689	V2	111,5,116,4	34,23
chr7_128343767	FP	81,3,0,0	20,0
chr7_134933176	V1	125,9,83,24	37,37
chr7_149765091	FP	0,0,76,3	0,20
chr7_150369811	V2	72,2,61,5	38,33
chr7_152250964	FP	69,2,0,0	40,0
chr8_11124076	V1	73,5,64,19	32,35
chr8_20203966	S0,V1	257,130,170,68	20,20
chr8_41933765	V1	199,14,128,24	37,20
chr8_71470889	S0,V1	108,44,39,18	20,38
chr8_74825322	S0	153,68,130,23	30,20
chr8_94639075	S0	190,67,129,20	20,20
chr8_97816181	FP	123,10,0,0	39,0
chr8_97931370	V1	139,13,88,35	34,33
chr8_143868245	S0	311,130,226,41	20,20
chr8_143918179	FP	0,0,78,3	0,20
chr8_143924486	V1	108,12,72,20	20,35
chr9_2718717	S0	87,40,97,16	20,36
chr9_16436652	V2	0,0,66,4	0,29
chr9_18776786	S0,V1	77,39,53,29	36,28
chr9_19063767	V1	130,8,96,33	29,20
chr9_34234271	FP	0,0,93,2	0,20
chr9_37592399	V2	218,10,0,0	20,0
chr9_38396005	V1	215,21,116,39	20,34
chr9_69902377	S0	88,33,64,10	20,37
chr9_81585614	V1	78,8,72,22	27,20
chr9_81993283	S0	200,79,127,29	32,20
chr9_93317618	V1	227,20,131,41	23,20
chr9_98826883	V1	84,6,60,12	20,27
chr9_99832787	V1	199,18,158,49	20,20
chr9_112486466	V1	122,5,80,24	20,20
chr9_116728998	V1	80,17,71,28	20,20
chr9_121141562	V1	85,10,55,12	32,35
chr9_127804399	S0	137,53,85,14	35,28
chr9_128909282	S0	251,98,112,23	38,37
chr9_128999782	S0	95,42,73,8	36,36
chr9_129100598	V1	225,17,168,59	20,20
chr9_130893611	V2	203,4,175,3	38,38
chr9_133734110	V2	96,3,52,3	37,20
chr9_135664290	S0	92,32,104,13	20,20
chr9_136011887	S0	240,97,146,14	37,28
chr9_136404128	V1	128,17,84,19	29,36
chr9_136477249	V1	154,10,119,38	37,37
chr9_136502993	V2	320,8,224,8	28,20
chr9_136941106	S0	297,88,203,17	20,20
chr9_137103267	S0,V1	361,165,284,127	20,20
chr9_137367972	V2	98,7,0,0	20,0
chr9_138058238	V1	151,8,87,34	28,20
chr10_36523343	V2	259,7,198,3	20,37
chr10_49622125	V1	102,11,77,19	20,20
chr10_62092783	FP	0,0,91,3	0,20
chr10_80274600	V2	271,6,0,0	35,0
chr10_85916237	V1	110,10,94,34	20,20
chr10_92848562	S0	164,63,91,13	20,20
chr10_96158657	V2	181,5,0,0	32,0
chr10_98209811	V1	123,8,81,20	33,27
chr10_100069762	V1	113,10,85,34	20,20
chr10_103603033	V2	174,9,131,3	20,38
chr10_114174146	V1	105,5,83,21	32,20
chr10_114468211	V1	178,10,110,29	27,20
chr10_115093933	S0	86,28,54,9	20,35
chr10_119898888	S0	144,50,101,14	37,20
chr10_125988784	V1	82,5,45,10	38,20
chr10_126459385	V1	172,15,145,48	39,38
chr10_132879588	V1	80,10,55,20	20,20
chr10_132879614	V1	76,9,46,16	20,20
chr10_133082809	S0,V1	112,35,87,39	36,20
chr11_376159	S0	126,39,73,13	36,36
chr11_1889405	S0,V1	0,0,88,40	0,35
chr11_5968063	V2	135,6,0,0	20,0
chr11_6320135	V1	0,0,83,23	0,20
chr11_10627746	V2	153,7,111,6	20,36
chr11_13714642	FP	61,3,0,0	20,0
chr11_16803052	V1	103,7,67,21	20,20
chr11_18715560	V1	97,8,67,19	36,33
chr11_33054666	V1	100,14,70,26	20,20
chr11_36271638	S0	82,29,56,12	36,20
chr11_54603295	V2	157,4,0,0	28,0
chr11_59942937	FP	91,3,0,0	20,0
chr11_60416536	V1	183,7,147,40	37,20
chr11_62525020	V2	426,8,335,10	28,20
chr11_62526000	V2	132,5,0,0	20,0
chr11_62526444	V2	199,3,0,0	33,0
chr11_62791913	V1	100,4,71,30	33,33
chr11_64237220	V1	77,8,53,7	36,20
chr11_64256499	V1	205,29,173,73	20,20
chr11_66705117	FP	88,2,0,0	38,0
chr11_67283142	V2	181,6,126,4	20,27
chr11_67405657	S0	228,61,162,26	39,20
chr11_69657493	V1	141,23,97,32	20,34
chr11_72014579	S0	84,33,85,9	33,33
chr11_75572050	FP	130,3,0,0	35,0
chr11_83193851	V2	321,17,182,10	20,20
chr11_85726183	V1	175,12,145,47	20,20
chr11_89326834	V2	148,3,113,4	38,29
chr11_107428897	V1	150,18,113,30	20,26
chr11_120169987	S0	140,59,93,14	20,37
chr11_124440726	V1	112,8,103,28	36,33
chr11_130471067	V1	155,13,102,25	20,20
chr12_1593053	V1	179,12,125,34	29,29
chr12_6838032	S0	124,44,98,10	20,36
chr12_7102073	V1	136,9,90,34	20,20
chr12_8823305	V1	72,9,50,13	35,37
chr12_10118488	V1	0,0,115,36	0,20
chr12_26916050	S0	243,86,138,17	20,30
chr12_40408326	V1	106,5,72,30	20,20
chr12_40420395	V1	114,10,64,15	35,36
chr12_40429552	S0	109,38,80,11	20,20
chr12_48132078	S0	95,35,0,0	20,0
chr12_48939656	V1	97,10,60,15	20,20
chr12_49330268	S0	171,59,118,17	20,35
chr12_50107293	V1	102,4,65,19	37,20
chr12_51890716	V1	458,38,304,76	33,33
chr12_52041848	V2	182,9,0,0	27,0
chr12_52567052	V1	77,9,55,14	20,38
chr12_52675230	V1	71,7,59,21	20,37
chr12_54009314	S0	214,60,156,14	20,23
chr12_55957493	V1	188,28,152,50	20,35
chr12_63782555	S0	146,60,98,15	20,20
chr12_66197002	V1	158,13,107,33	35,20
chr12_70662503	V2	0,0,108,4	0,27
chr12_100624383	V2	231,7,169,4	20,28
chr12_101340571	V1	272,21,154,50	32,20
chr12_106321606	FP	72,2,0,0	37,0
chr12_109285428	V1	0,0,90,29	0,20
chr12_112987088	V1	82,11,89,17	20,20
chr12_124347889	V1	90,5,77,24	32,23
chr12_124786227	V2	189,11,158,8	20,27
chr12_130163869	V1	175,17,118,35	34,34
chr12_133010250	S0	130,50,105,14	20,20
chr13_29324646	V1	173,14,143,54	20,20
chr13_32319207	V1	160,18,111,30	20,20
chr13_32443800	V2	121,5,0,0	37,0
chr13_43883789	V2	106,4,63,4	27,20
chr13_49630744	V1	223,25,137,45	26,20
chr13_51374359	FP	0,0,114,2	0,20
chr13_51937552	FP	75,2,0,0	38,0
chr13_102738036	V1	305,25,218,57	27,34
chr13_102740980	V2	266,8,193,3	20,37
chr13_102742348	V1	126,7,85,25	33,33
chr13_109141076	S0,V1	118,56,60,27	20,20
chr13_109783409	V1	69,15,65,14	38,38
chr13_110715860	V1	82,4,59,14	40,20
chr14_21302522	V2	107,4,84,3	29,20
chr14_21324622	S0	111,42,88,21	20,20
chr14_23062984	V1	86,9,49,6	20,33
chr14_23143163	FP	81,5,56,6	29,37
chr14_23531576	V1	139,9,107,40	36,20
chr14_24338096	V2	115,4,96,4	37,29
chr14_30715966	FP	0,0,65,2	0,39
chr14_34533483	V1	131,15,66,32	20,20
chr14_39294972	S0	90,26,85,13	20,36
chr14_50911799	S0	153,51,89,10	37,20
chr14_52068040	V1	113,16,95,33	20,33
chr14_55397428	V1	65,11,68,25	20,20
chr14_63539596	FP	0,0,78,3	0,20
chr14_74907080	V1	192,14,123,30	20,33
chr14_76439434	V1	140,18,96,30	20,20
chr14_77887102	V1	169,12,144,39	27,20
chr14_96945260	V2	208,8,0,0	27,0
chr14_100381512	V1	157,13,108,29	36,20
chr14_100734176	V1	226,16,144,40	20,34
chr14_100991965	V1	152,24,113,39	20,20
chr14_101997070	V1	143,23,99,34	20,35
chr15_24678973	V1	86,4,70,18	37,28
chr15_34356446	V1	106,13,82,25	36,20
chr15_34489318	FP	130,4,0,0	20,0
chr15_34752556	S0,V1	96,45,73,41	33,20
chr15_40383242	S0	201,76,155,35	20,20
chr15_41851096	V2	237,6,157,6	38,20
chr15_41866175	S0	93,32,72,17	32,20
chr15_42146129	FP	0,0,72,3	0,20
chr15_42273390	V1	147,15,111,37	20,20
chr15_45200754	V1	72,9,57,24	34,20
chr15_52343197	S0,V1	207,94,192,82	20,20
chr15_65077522	FP	100,3,0,0	35,0
chr15_67066229	FP	82,3,0,0	20,0
chr15_68291044	V2	248,4,147,5	29,36
chr15_70060760	V1	149,13,107,41	33,20
chr15_93206654	S0,V1	68,29,62,34	37,37
chr16_552193	FP	66,3,0,0	20,0
chr16_766072	V1	114,8,93,24	38,37
chr16_805676	V1	280,42,163,63	20,20
chr16_1773023	V1	176,17,152,37	20,36
chr16_2237264	S0	183,72,130,25	27,20
chr16_11281216	V1	74,6,61,24	37,35
chr16_19250010	S0,V1	144,58,103,47	20,20
chr16_27210256	V1	240,19,167,47	20,20
chr16_28873537	V1	83,5,58,27	33,20
chr16_33919850	S0	79,26,58,5	20,20
chr16_50084082	V2	243,9,147,5	33,20
chr16_57379620	V2	66,3,0,0	20,0
chr16_57753151	S0	315,113,228,36	20,20
chr16_66922153	FP	0,0,216,3	0,37
chr16_67611111	V1	105,8,89,41	37,35
chr16_67665035	S0	132,52,116,21	20,20
chr16_67930300	V2	150,4,0,0	27,0
chr16_67945520	S0,V1	172,81,108,55	20,36
chr16_68339525	S0	167,76,144,19	20,20
chr16_69384697	S0	167,54,132,27	20,20
chr16_70780884	V2	172,6,124,6	20,20
chr16_71967941	V1	101,9,82,26	33,20
chr16_72787726	V1	116,12,72,30	36,32
chr16_72958298	V1	183,11,129,33	37,35
chr16_81054074	S0	196,62,162,24	20,20
chr16_81174868	V2	93,6,0,0	36,0
chr16_84054283	V1	163,21,111,29	20,36
chr16_88715206	V1	138,13,92,24	33,20
chr17_6800802	V1	85,10,62,23	20,20
chr17_7786258	S0	178,55,139,18	20,20
chr17_7899136	V1	147,11,101,27	20,20
chr17_18004454	S0,V1	73,33,63,31	34,20
chr17_18018681	S0,V1	238,102,152,87	20,20
chr17_19413251	V1	156,11,84,25	39,20
chr17_19743328	V1	265,25,238,73	20,20
chr17_21011234	V1	184,14,108,26	20,20
chr17_35265319	V2	155,4,0,0	30,0
chr17_41187025	FP	193,2,0,0	37,0
chr17_42023884	S0	160,55,115,14	20,20
chr17_42178133	FP	0,0,68,3	0,20
chr17_42991412	V2	0,0,194,4	0,29
chr17_48530668	V1	189,11,134,44	20,20
chr17_50392829	V1	106,8,88,38	20,20
chr17_51260632	S0	174,52,111,14	20,20
chr17_58267388	S0	118,46,121,17	36,36
chr17_58363596	V2	95,5,0,0	36,0
chr17_61590592	V1	197,16,147,39	20,33
chr17_63945022	S0	166,62,132,19	20,34
chr17_64080787	S0	152,53,100,18	20,20
chr17_69113692	V1	91,4,48,13	27,20
chr17_69215844	V2	0,0,119,3	0,35
chr17_69308347	FP	0,0,88,3	0,20
chr17_70175066	FP	80,4,0,0	20,0
chr17_75501116	V1	95,9,73,22	20,20
chr17_75991509	S0	83,26,55,5	20,32
chr17_76391155	V1	180,19,117,46	34,35
chr17_78271762	S0,V1	144,76,139,58	36,20
chr17_80425483	V2	81,3,0,0	20,0
chr17_81462826	V1	150,12,113,27	20,35
chr18_3534324	V1	210,19,141,40	20,28
chr18_22417021	V2	345,10,230,7	20,20
chr18_24156541	S0	243,90,142,27	38,20
chr18_32772151	S0,V1	143,59,117,59	20,20
chr18_49483764	V2	97,2,0,0	38,0
chr18_63566771	V1	183,17,137,31	38,37
chr18_74597403	S0	98,45,78,14	31,20
chr19_372661	V1	120,13,69,14	29,20
chr19_757606	V2	190,3,135,8	33,27
chr19_757752	V2	192,3,128,5	37,20
chr19_2223328	V1	154,19,94,37	20,20
chr19_4475574	V1	84,8,54,13	20,20
chr19_6707270	FP	0,0,93,3	0,20
chr19_8117501	S0	93,34,56,8	20,36
chr19_10259693	V1	129,13,95,39	36,20
chr19_10671084	V2	279,13,0,0	20,0
chr19_12350931	S0	247,84,169,27	38,38
chr19_15439795	S0	168,72,142,23	36,34
chr19_15448215	V1	109,12,67,25	37,27
chr19_16020164	S0,V1	71,26,59,32	35,35
chr19_16020220	S0,V1	102,46,77,42	20,20
chr19_16576053	S0	199,72,184,31	20,20
chr19_17521012	S0,V1	143,73,102,56	20,20
chr19_17888430	V1	91,9,74,15	20,20
chr19_18258271	V2	0,0,99,5	0,20
chr19_18264753	V1	242,22,144,49	37,37
chr19_18919762	V1	82,2,63,15	38,34
chr19_19569573	V2	70,3,0,0	20,0
chr19_19630162	V2	84,3,0,0	20,0
chr19_22759350	FP	0,0,71,3	0,20
chr19_34943678	S0	114,46,67,11	20,20
chr19_37199473	S0,V1	77,29,45,22	37,20
chr19_38162322	S0,V1	86,37,69,39	20,20
chr19_39101189	V1	209,19,155,43	20,35
chr19_40680974	V1	186,7,108,36	20,20
chr19_40807532	V1	109,8,60,19	27,35
chr19_43553422	V1	76,12,57,17	20,20
chr19_43581675	S0,V1	104,47,75,34	20,33
chr19_46920814	S0,V1	183,84,121,51	20,20
chr19_48230938	V2	216,6,165,5	36,20
chr19_48297076	V1	128,10,84,23	36,20
chr19_48609904	V1	102,18,92,29	20,20
chr19_48629389	V2	142,8,97,6	34,20
chr19_48750460	V2	220,8,169,5	35,34
chr19_49070840	V2	92,6,0,0	39,0
chr19_53992934	S0	206,69,139,14	20,34
chr19_55159440	V2	163,8,128,4	27,27
chr19_55902166	V1	123,17,117,49	20,20
chr19_55913188	FP	91,3,0,0	20,0
chr19_56191992	V1	130,5,100,30	39,24
chr19_56547629	V1	216,10,175,62	20,20
chr19_56663966	V1	120,12,83,22	37,37
chr19_58409943	V1	68,4,65,25	27,20
chr20_765254	V2	96,3,0,0	39,0
chr20_5570216	S0	127,52,75,19	20,35
chr20_9562989	FP	81,3,0,0	20,0
chr20_21512380	S0	120,47,67,14	20,20
chr20_21513546	V1	110,13,77,27	20,34
chr20_32017877	V2	207,7,155,4	20,29
chr20_32434962	V2	165,10,0,0	28,0
chr20_35502691	V1	105,11,87,35	37,36
chr20_46128574	V1	252,23,197,55	33,20
chr20_51524090	S0	170,61,120,14	20,38
chr20_51791838	S0	223,64,164,24	20,20
chr20_58717814	V1	112,6,112,35	38,20
chr20_62754879	V1	100,11,64,19	20,26
chr20_62817581	V1	212,27,150,48	20,20
chr20_62966741	V1	148,18,117,42	20,20
chr21_28945812	S0	262,93,173,21	20,20
chr21_30337385	V1	101,6,75,24	34,30
chr21_41452734	V1	74,10,59,16	33,33
chr21_44508907	V2	119,8,90,3	20,37
chr22_17119607	V1	315,28,170,60	30,20
chr22_17740173	S0	117,46,67,12	20,28
chr22_24895243	S0	86,31,59,7	20,20
chr22_27993465	V1	164,14,95,30	20,20
chr22_30490169	V2	162,3,84,3	36,20
chr22_31676783	V2	137,8,93,4	20,35
chr22_35346940	V2	91,3,0,0	37,0
chr22_36926059	S0	110,42,84,14	20,20
chr22_37300937	V1	187,26,116,43	20,20
chr22_39679728	V1	94,14,76,30	20,20
chr22_45207750	V1	178,19,118,35	20,20
chr22_46231883	S0	86,24,0,0	35,0
chr22_50161037	V1	87,6,43,18	20,34
